1 0 1027
2 1027 1083
3 2110 6687
4 8797 2158
5 10955 1929
6 12884 6687
7 19571 6204
8 25775 3625
9 29400 628
10 30028 1835
11 31863 3079
12 34942 1256
13 36198 2299
14 38497 1111
15 39608 3478
16 43086 4110
17 47196 4326
18 51522 6286
19 57808 3753
20 61561 710
21 62271 4275
22 66546 4079
23 70625 535
24 71160 997
25 72157 1582
26 73739 3653
27 77392 3587
28 80979 4802
29 85781 2696
30 88477 2077
31 90554 3129
32 93683 800
33 94483 7180
34 101663 945
35 102608 3146
36 105754 2383
37 108137 2672
38 110809 3404
39 114213 2548
40 116761 4069
41 120830 2040
42 122870 1860
43 124730 4434
44 129164 1421
45 130585 4423
46 135008 3880
47 138888 5679
48 144567 6663
49 151230 4529
50 155759 1799
51 157558 1268
52 158826 2847
53 161673 6442
54 168115 2537
55 170652 3446
56 174098 2711
57 176809 2275
58 179084 10498
59 189582 762
60 190344 9114
61 199458 6812
62 206270 2203
63 208473 2519
64 210992 2389
65 213381 2368
66 215749 1345
67 217094 1134
68 218228 2944
69 221172 10170
70 231342 1275
71 232617 3967
72 236584 1123
73 237707 455
74 238162 10794
75 248956 1834
76 250790 3362
77 254152 3341
78 257493 3581
79 261074 9691
80 270765 2183
81 272948 1110
82 274058 779
83 274837 1053
84 275890 1831
85 277721 8520
86 286241 3454
87 289695 6344
88 296039 4813
89 300852 5609
90 306461 1705
91 308166 5359
92 313525 1690
93 315215 1709
94 316924 6801
95 323725 2783
96 326508 1495
97 328003 2065
98 330068 2579
99 332647 2576
100 335223 3780
101 339003 5664
102 344667 2548
103 347215 8578
104 355793 7401
105 363194 2415
106 365609 1459
107 367068 1639
108 368707 2672
109 371379 2580
110 373959 2251
111 376210 3062
112 379272 2068
113 381340 2986
114 384326 6954
115 391280 6360
116 397640 6892
117 404532 6771
118 411303 3943
119 415246 8124
120 423370 7785
121 431155 3115
122 434270 1798
123 436068 2982
124 439050 1614
125 440664 3024
126 443688 3435
127 447123 1859
128 448982 1526
129 450508 4770
130 455278 1743
131 457021 1517
132 458538 2463
133 461001 3614
134 464615 2062
135 466677 1457
136 468134 2810
137 470944 7816
138 478760 3331
139 482091 3624
140 485715 8873
141 494588 3732
142 498320 2823
143 501143 2200
144 503343 3566
145 506909 3493
146 510402 2069
147 512471 1598
148 514069 1792
149 515861 6358
150 522219 3197
151 525416 2233
152 527649 1858
153 529507 3420
154 532927 5502
155 538429 2003
156 540432 4148
157 544580 2712
158 547292 3755
159 551047 1744
160 552791 1535
161 554326 1544
162 555870 1616
163 557486 3646
164 561132 2731
165 563863 3958
166 567821 2377
167 570198 2391
168 572589 2585
169 575174 2368
170 577542 2530
171 580072 23249
172 603321 3210
173 606531 3612
174 610143 6314
175 616457 3083
176 619540 3291
177 622831 3404
178 626235 5231
179 631466 1606
180 633072 2583
181 635655 3413
182 639068 2444
183 641512 1072
184 642584 2355
185 644939 5075
186 650014 4219
187 654233 3010
188 657243 3769
189 661012 2631
190 663643 5412
191 669055 2519
192 671574 3781
193 675355 1091
194 676446 5306
195 681752 1434
196 683186 1206
197 684392 2036
198 686428 7435
199 693863 3321
200 697184 2529
201 699713 1995
202 701708 3115
203 704823 6318
204 711141 982
205 712123 6639
206 718762 936
207 719698 1146
208 720844 787
209 721631 6311
210 727942 2843
211 730785 5077
212 735862 9068
213 744930 7353
214 752283 1830
215 754113 5489
216 759602 3599
217 763201 1508
218 764709 640
219 765349 3283
220 768632 9169
221 777801 2878
222 780679 2216
223 782895 5713
224 788608 1299
225 789907 4411
226 794318 691
227 795009 2552
228 797561 1537
229 799098 1134
230 800232 2516
231 802748 4360
232 807108 2925
233 810033 5430
234 815463 5864
235 821327 4463
236 825790 2760
237 828550 2066
238 830616 1068
239 831684 806
240 832490 2637
241 835127 5781
242 840908 946
243 841854 1806
244 843660 1733
245 845393 7471
246 852864 1205
247 854069 2225
248 856294 2430
249 858724 1392
250 860116 581
251 860697 5002
252 865699 6120
253 871819 11622
254 883441 1216
255 884657 2341
256 886998 1028
257 888026 1263
258 889289 2181
259 891470 2819
260 894289 5185
261 899474 2439
262 901913 3021
263 904934 20078
264 925012 2847
265 927859 1611
266 929470 2245
267 931715 1762
268 933477 1459
269 934936 7349
270 942285 4601
271 946886 12589
272 959475 2411
273 961886 1821
274 963707 1444
275 965151 3107
276 968258 1377
277 969635 3879
278 973514 1102
279 974616 1129
280 975745 1335
281 977080 2384
282 979464 1958
283 981422 2359
284 983781 3464
285 987245 198
286 987443 969
287 988412 7318
288 995730 5208
289 1000938 6568
290 1007506 4432
291 1011938 3697
292 1015635 2748
293 1018383 30921
294 1049304 3960
295 1053264 5285
296 1058549 2843
297 1061392 1963
298 1063355 4741
299 1068096 1224
300 1069320 2560
301 1071880 414
302 1072294 424
303 1072718 440
304 1073158 484
305 1073642 454
306 1074096 462
307 1074558 486
308 1075044 522
309 1075566 470
310 1076036 500
311 1076536 476
312 1077012 468
313 1077480 484
314 1077964 452
315 1078416 520
316 1078936 5311
317 1084247 1305
318 1085552 14597
319 1100149 1097
320 1101246 1318
321 1102564 5236
322 1107800 2503
323 1110303 3090
324 1113393 6875
325 1120268 6207
326 1126475 9205
327 1135680 11698
328 1147378 2074
329 1149452 6503
330 1155955 5818
331 1161773 10031
332 1171804 7709
333 1179513 190
334 1179703 226
335 1179929 251
336 1180180 178
337 1180358 212
338 1180570 190
339 1180760 235
340 1180995 5979
341 1186974 1224
342 1188198 4936
343 1193134 9983
344 1203117 5505
345 1208622 3038
346 1211660 1991
347 1213651 1955
348 1215606 2318
349 1217924 1821
350 1219745 1415
351 1221160 1495
352 1222655 1560
353 1224215 1634
354 1225849 3456
355 1229305 2546
356 1231851 15274
357 1247125 3302
358 1250427 7969
359 1258396 3675
360 1262071 3425
361 1265496 6151
362 1271647 2551
363 1274198 3685
364 1277883 2756
365 1280639 9362
366 1290001 1379
367 1291380 176
368 1291556 1927
369 1293483 4972
370 1298455 1397
371 1299852 1693
372 1301545 1831
373 1303376 2871
374 1306247 8164
375 1314411 7515
376 1321926 3486
377 1325412 9746
378 1335158 1640
379 1336798 947
380 1337745 1650
381 1339395 4128
382 1343523 3757
383 1347280 1020
384 1348300 15088
385 1363388 4128
386 1367516 6505
387 1374021 3482
388 1377503 3493
389 1380996 1211
390 1382207 4788
391 1386995 757
392 1387752 494
393 1388246 7786
394 1396032 2854
395 1398886 3624
396 1402510 2730
397 1405240 1208
398 1406448 988
399 1407436 2140
400 1409576 235
401 1409811 190
402 1410001 245
403 1410246 11858
404 1422104 5352
405 1427456 5895
406 1433351 1761
407 1435112 1045
408 1436157 22666
409 1458823 1502
410 1460325 6616
411 1466941 6409
412 1473350 9573
413 1482923 1625
414 1484548 3771
415 1488319 2095
416 1490414 3755
417 1494169 2423
418 1496592 2048
419 1498640 2518
420 1501158 3444
421 1504602 2470
422 1507072 2525
423 1509597 20274
424 1529871 8405
425 1538276 4378
426 1542654 4482
427 1547136 4151
428 1551287 1541
429 1552828 4493
430 1557321 1371
431 1558692 1189
432 1559881 1487
433 1561368 7435
434 1568803 2187
435 1570990 18034
436 1589024 8887
437 1597911 5684
438 1603595 4032
439 1607627 3569
440 1611196 2061
441 1613257 16381
442 1629638 4468
443 1634106 1161
444 1635267 1935
445 1637202 1361
446 1638563 8184
447 1646747 5180
448 1651927 6852
449 1658779 1937
450 1660716 8213
451 1668929 7570
452 1676499 8514
453 1685013 4986
454 1689999 6753
455 1696752 15100
456 1711852 7550
457 1719402 5090
458 1724492 1378
459 1725870 1579
460 1727449 2161
461 1729610 1355
462 1730965 826
463 1731791 6380
464 1738171 2141
465 1740312 8306
466 1748618 4232
467 1752850 1885
468 1754735 5246
469 1759981 5478
470 1765459 9125
471 1774584 4701
472 1779285 9534
473 1788819 3781
474 1792600 1082
475 1793682 1434
476 1795116 1367
477 1796483 9088
478 1805571 305
479 1805876 1737
480 1807613 777
481 1808390 1464
482 1809854 12562
483 1822416 8042
484 1830458 4087
485 1834545 5009
486 1839554 4472
487 1844026 8949
488 1852975 2226
489 1855201 5373
490 1860574 2934
491 1863508 3119
492 1866627 1690
493 1868317 8100
494 1876417 3698
495 1880115 14180
496 1894295 3291
497 1897586 3885
498 1901471 4321
499 1905792 11601
500 1917393 938
501 1918331 8012
502 1926343 6274
503 1932617 790
504 1933407 5690
505 1939097 15708
506 1954805 924
507 1955729 6073
508 1961802 685
509 1962487 5269
510 1967756 8070
511 1975826 1449
512 1977275 4371
513 1981646 709
514 1982355 8921
515 1991276 1368
516 1992644 660
517 1993304 651
518 1993955 674
519 1994629 655
520 1995284 694
521 1995978 672
522 1996650 683
523 1997333 629
524 1997962 624
525 1998586 647
526 1999233 632
527 1999865 710
528 2000575 678
529 2001253 656
530 2001909 624
531 2002533 667
532 2003200 620
533 2003820 652
534 2004472 637
535 2005109 625
536 2005734 645
537 2006379 638
538 2007017 648
539 2007665 642
540 2008307 660
541 2008967 694
542 2009661 644
543 2010305 677
544 2010982 657
545 2011639 653
546 2012292 672
547 2012964 654
548 2013618 660
549 2014278 692
550 2014970 647
551 2015617 680
552 2016297 689
553 2016986 666
554 2017652 690
555 2018342 651
556 2018993 667
557 2019660 699
558 2020359 679
559 2021038 655
560 2021693 630
561 2022323 663
562 2022986 643
563 2023629 653
564 2024282 630
565 2024912 657
566 2025569 645
567 2026214 643
568 2026857 645
569 2027502 639
570 2028141 651
571 2028792 693
572 2029485 649
573 2030134 679
574 2030813 659
575 2031472 624
576 2032096 662
577 2032758 655
578 2033413 675
579 2034088 657
580 2034745 694
581 2035439 629
582 2036068 648
583 2036716 680
584 2037396 655
585 2038051 662
586 2038713 654
587 2039367 657
588 2040024 675
589 2040699 694
590 2041393 648
591 2042041 678
592 2042719 643
593 2043362 706
594 2044068 660
595 2044728 635
596 2045363 664
597 2046027 647
598 2046674 658
599 2047332 646
600 2047978 633
601 2048611 646
602 2049257 641
603 2049898 658
604 2050556 642
605 2051198 696
606 2051894 669
607 2052563 650
608 2053213 679
609 2053892 647
610 2054539 650
611 2055189 655
612 2055844 655
613 2056499 653
614 2057152 675
615 2057827 656
616 2058483 693
617 2059176 649
618 2059825 680
619 2060505 688
620 2061193 655
621 2061848 631
622 2062479 657
623 2063136 655
624 2063791 674
625 2064465 662
626 2065127 694
627 2065821 649
628 2066470 653
629 2067123 647
630 2067770 704
631 2068474 679
632 2069153 646
633 2069799 658
634 2070457 658
635 2071115 633
636 2071748 650
637 2072398 645
638 2073043 649
639 2073692 637
640 2074329 652
641 2074981 646
642 2075627 650
643 2076277 648
644 2076925 665
645 2077590 694
646 2078284 619
647 2078903 677
648 2079580 649
649 2080229 679
650 2080908 655
651 2081563 690
652 2082253 676
653 2082929 659
654 2083588 654
655 2084242 691
656 2084933 649
657 2085582 705
658 2086287 629
659 2086916 638
660 2087554 677
661 2088231 658
662 2088889 657
663 2089546 665
664 2090211 694
665 2090905 656
666 2091561 674
667 2092235 686
668 2092921 653
669 2093574 663
670 2094237 650
671 2094887 701
672 2095588 705
673 2096293 653
674 2096946 679
675 2097625 650
676 2098275 639
677 2098914 643
678 2099557 647
679 2100204 644
680 2100848 676
681 2101524 656
682 2102180 633
683 2102813 635
684 2103448 635
685 2104083 647
686 2104730 646
687 2105376 675
688 2106051 665
689 2106716 686
690 2107402 648
691 2108050 689
692 2108739 678
693 2109417 652
694 2110069 677
695 2110746 669
696 2111415 681
697 2112096 665
698 2112761 664
699 2113425 689
700 2114114 645
701 2114759 191
702 2114950 174
703 2115124 678
704 2115802 661
705 2116463 689
706 2117152 697
707 2117849 650
708 2118499 655
709 2119154 678
710 2119832 642
711 2120474 648
712 2121122 643
713 2121765 642
714 2122407 684
715 2123091 641
716 2123732 655
717 2124387 641
718 2125028 624
719 2125652 643
720 2126295 647
721 2126942 632
722 2127574 645
723 2128219 642
724 2128861 660
725 2129521 640
726 2130161 649
727 2130810 685
728 2131495 690
729 2132185 705
730 2132890 679
731 2133569 645
732 2134214 655
733 2134869 676
734 2135545 639
735 2136184 678
736 2136862 635
737 2137497 651
738 2138148 663
739 2138811 648
740 2139459 661
741 2140120 685
742 2140805 645
743 2141450 638
744 2142088 678
745 2142766 648
746 2143414 663
747 2144077 640
748 2144717 685
749 2145402 649
750 2146051 666
751 2146717 651
752 2147368 661
753 2148029 699
754 2148728 694
755 2149422 705
756 2150127 647
757 2150774 719
758 2151493 676
759 2152169 645
760 2152814 650
761 2153464 639
762 2154103 670
763 2154773 629
764 2155402 635
765 2156037 658
766 2156695 638
767 2157333 656
768 2157989 643
769 2158632 670
770 2159302 634
771 2159936 684
772 2160620 668
773 2161288 647
774 2161935 677
775 2162612 643
776 2163255 649
777 2163904 684
778 2164588 671
779 2165259 649
780 2165908 650
781 2166558 662
782 2167220 646
783 2167866 677
784 2168543 681
785 2169224 643
786 2169867 635
787 2170502 687
788 2171189 654
789 2171843 647
790 2172490 672
791 2173162 662
792 2173824 640
793 2174464 678
794 2175142 717
795 2175859 677
796 2176536 649
797 2177185 696
798 2177881 695
799 2178576 688
800 2179264 704
801 2179968 707
802 2180675 681
803 2181356 676
804 2182032 677
805 2182709 694
806 2183403 679
807 2184082 664
808 2184746 687
809 2185433 629
810 2186062 640
811 2186702 677
812 2187379 650
813 2188029 687
814 2188716 650
815 2189366 672
816 2190038 651
817 2190689 659
818 2191348 638
819 2191986 679
820 2192665 664
821 2193329 624
822 2193953 688
823 2194641 654
824 2195295 653
825 2195948 677
826 2196625 659
827 2197284 690
828 2197974 641
829 2198615 726
830 2199341 725
831 2200066 716
832 2200782 677
833 2201459 661
834 2202120 628
835 2202748 637
836 2203385 641
837 2204026 648
838 2204674 622
839 2205296 668
840 2205964 616
841 2206580 626
842 2207206 650
843 2207856 629
844 2208485 665
845 2209150 689
846 2209839 640
847 2210479 677
848 2211156 201
849 2211357 663
850 2212020 681
851 2212701 687
852 2213388 670
853 2214058 653
854 2214711 677
855 2215388 654
856 2216042 664
857 2216706 640
858 2217346 668
859 2218014 679
860 2218693 688
861 2219381 640
862 2220021 675
863 2220696 677
864 2221373 642
865 2222015 707
866 2222722 673
867 2223395 629
868 2224024 654
869 2224678 643
870 2225321 641
871 2225962 638
872 2226600 616
873 2227216 639
874 2227855 633
875 2228488 639
876 2229127 642
877 2229769 637
878 2230406 648
879 2231054 686
880 2231740 650
881 2232390 675
882 2233065 630
883 2233695 658
884 2234353 644
885 2234997 708
886 2235705 686
887 2236391 679
888 2237070 685
889 2237755 650
890 2238405 652
891 2239057 644
892 2239701 667
893 2240368 638
894 2241006 652
895 2241658 650
896 2242308 678
897 2242986 647
898 2243633 670
899 2244303 688
900 2244991 685
901 2245676 663
902 2246339 655
903 2246994 665
904 2247659 650
905 2248309 678
906 2248987 652
907 2249639 660
908 2250299 645
909 2250944 637
910 2251581 632
911 2252213 641
912 2252854 625
913 2253479 641
914 2254120 658
915 2254778 641
916 2255419 637
917 2256056 686
918 2256742 669
919 2257411 649
920 2258060 685
921 2258745 677
922 2259422 651
923 2260073 687
924 2260760 654
925 2261414 655
926 2262069 682
927 2262751 668
928 2263419 649
929 2264068 677
930 2264745 674
931 2265419 650
932 2266069 713
933 2266782 664
934 2267446 676
935 2268122 631
936 2268753 636
937 2269389 628
938 2270017 688
939 2270705 682
940 2271387 657
941 2272044 657
942 2272701 667
943 2273368 649
944 2274017 678
945 2274695 655
946 2275350 638
947 2275988 644
948 2276632 639
949 2277271 631
950 2277902 645
951 2278547 634
952 2279181 654
953 2279835 619
954 2280454 632
955 2281086 647
956 2281733 643
957 2282376 688
958 2283064 669
959 2283733 673
960 2284406 642
961 2285048 656
962 2285704 678
963 2286382 635
964 2287017 649
965 2287666 650
966 2288316 628
967 2288944 632
968 2289576 688
969 2290264 651
970 2290915 682
971 2291597 649
972 2292246 664
973 2292910 642
974 2293552 622
975 2294174 678
976 2294852 649
977 2295501 688
978 2296189 678
979 2296867 650
980 2297517 681
981 2298198 650
982 2298848 658
983 2299506 642
984 2300148 678
985 2300826 630
986 2301456 638
987 2302094 657
988 2302751 660
989 2303411 633
990 2304044 631
991 2304675 682
992 2305357 659
993 2306016 632
994 2306648 630
995 2307278 688
996 2307966 622
997 2308588 664
998 2309252 701
999 2309953 660
1000 2310613 629
1001 2311242 636
1002 2311878 631
1003 2312509 641
1004 2313150 619
1005 2313769 643
1006 2314412 626
1007 2315038 625
1008 2315663 652
1009 2316315 634
1010 2316949 678
1011 2317627 650
1012 2318277 688
1013 2318965 617
1014 2319582 660
1015 2320242 646
1016 2320888 178
1017 2321066 178
1018 2321244 199
1019 2321443 190
1020 2321633 163
1021 2321796 204
1022 2322000 203
1023 2322203 203
1024 2322406 202
1025 2322608 205
1026 2322813 196
1027 2323009 178
1028 2323187 161
1029 2323348 166
1030 2323514 188
1031 2323702 185
1032 2323887 207
1033 2324094 182
1034 2324276 163
1035 2324439 169
1036 2324608 184
1037 2324792 178
1038 2324970 198
1039 2325168 199
1040 2325367 203
1041 2325570 199
1042 2325769 163
1043 2325932 191
1044 2326123 205
1045 2326328 185
1046 2326513 203
1047 2326716 178
1048 2326894 197
1049 2327091 202
1050 2327293 199
1051 2327492 206
1052 2327698 182
1053 2327880 209
1054 2328089 201
1055 2328290 204
1056 2328494 205
1057 2328699 199
1058 2328898 197
1059 2329095 192
1060 2329287 184
1061 2329471 169
1062 2329640 204
1063 2329844 196
1064 2330040 172
1065 2330212 157
1066 2330369 468
1067 2330837 3159
1068 2333996 2107
1069 2336103 10190
1070 2346293 1123
1071 2347416 1339
1072 2348755 5178
1073 2353933 2529
1074 2356462 6651
1075 2363113 7822
1076 2370935 1414
1077 2372349 1768
1078 2374117 2242
1079 2376359 3410
1080 2379769 1954
1081 2381723 2098
1082 2383821 6045
1083 2389866 2072
1084 2391938 1453
1085 2393391 1103
1086 2394494 3174
1087 2397668 6311
1088 2403979 1980
1089 2405959 2388
1090 2408347 2605
1091 2410952 2609
1092 2413561 3599
1093 2417160 1409
1094 2418569 8492
1095 2427061 3906
1096 2430967 1476
1097 2432443 10442
1098 2442885 4096
1099 2446981 7199
1100 2454180 10032
1101 2464212 3356
1102 2467568 6492
1103 2474060 4369
1104 2478429 4658
1105 2483087 2990
1106 2486077 1317
1107 2487394 3070
1108 2490464 1953
1109 2492417 1666
1110 2494083 1712
1111 2495795 3350
1112 2499145 2061
1113 2501206 2126
1114 2503332 980
1115 2504312 1890
1116 2506202 3954
1117 2510156 2195
1118 2512351 5395
1119 2517746 1741
1120 2519487 1893
1121 2521380 2541
1122 2523921 2191
1123 2526112 2376
1124 2528488 2183
1125 2530671 1790
1126 2532461 2380
1127 2534841 6015
1128 2540856 4951
1129 2545807 1625
1130 2547432 13672
1131 2561104 5369
1132 2566473 973
1133 2567446 14502
1134 2581948 1851
1135 2583799 1602
1136 2585401 1092
1137 2586493 1514
1138 2588007 1761
1139 2589768 6075
1140 2595843 2985
1141 2598828 3075
1142 2601903 2383
1143 2604286 1951
1144 2606237 2847
1145 2609084 5400
1146 2614484 15389
1147 2629873 7236
1148 2637109 3352
1149 2640461 3231
1150 2643692 2537
1151 2646229 2957
1152 2649186 1339
1153 2650525 2294
1154 2652819 5270
1155 2658089 1608
1156 2659697 1293
1157 2660990 1701
1158 2662691 1987
1159 2664678 2061
1160 2666739 2600
1161 2669339 2025
1162 2671364 1492
1163 2672856 1486
1164 2674342 1391
1165 2675733 2487
1166 2678220 8497
1167 2686717 4216
1168 2690933 3217
1169 2694150 12849
1170 2706999 4566
1171 2711565 2363
1172 2713928 2419
1173 2716347 651
1174 2716998 1368
1175 2718366 10074
1176 2728440 21753
1177 2750193 863
1178 2751056 3505
1179 2754561 3826
1180 2758387 1414
1181 2759801 1059
1182 2760860 5751
1183 2766611 1204
1184 2767815 902
1185 2768717 10812
1186 2779529 1347
1187 2780876 17717
1188 2798593 9465
1189 2808058 2835
1190 2810893 3962
1191 2814855 1347
1192 2816202 4590
1193 2820792 5947
1194 2826739 1051
1195 2827790 869
1196 2828659 2293
1197 2830952 8157
1198 2839109 3246
1199 2842355 1833
1200 2844188 521
1201 2844709 1539
1202 2846248 2267
1203 2848515 3799
1204 2852314 5925
1205 2858239 1321
1206 2859560 3159
1207 2862719 1231
1208 2863950 1305
1209 2865255 1095
1210 2866350 5527
1211 2871877 921
1212 2872798 4355
1213 2877153 334
1214 2877487 8866
1215 2886353 3581
1216 2889934 1597
1217 2891531 1329
1218 2892860 6386
1219 2899246 4063
1220 2903309 1241
1221 2904550 2934
1222 2907484 2647
1223 2910131 1770
1224 2911901 4101
1225 2916002 12807
1226 2928809 1465
1227 2930274 4020
1228 2934294 3570
1229 2937864 1355
1230 2939219 1078
1231 2940297 3949
1232 2944246 6863
1233 2951109 12929
1234 2964038 1574
1235 2965612 1508
1236 2967120 1443
1237 2968563 2421
1238 2970984 2148
1239 2973132 1737
1240 2974869 1754
1241 2976623 1145
1242 2977768 1626
1243 2979394 795
1244 2980189 7011
1245 2987200 8118
1246 2995318 1467
1247 2996785 1073
1248 2997858 4657
1249 3002515 2412
1250 3004927 1155
1251 3006082 6424
1252 3012506 1760
1253 3014266 7541
1254 3021807 2155
1255 3023962 6378
1256 3030340 3981
1257 3034321 1381
1258 3035702 8321
1259 3044023 6882
1260 3050905 9517
1261 3060422 3630
1262 3064052 2213
1263 3066265 3379
1264 3069644 4716
1265 3074360 1669
1266 3076029 1297
1267 3077326 5519
1268 3082845 1242
1269 3084087 1958
1270 3086045 2666
1271 3088711 2422
1272 3091133 1218
1273 3092351 1141
1274 3093492 6822
1275 3100314 3171
1276 3103485 2598
1277 3106083 5246
1278 3111329 1919
1279 3113248 2574
1280 3115822 4779
1281 3120601 4732
1282 3125333 4491
1283 3129824 3092
1284 3132916 7699
1285 3140615 5817
1286 3146432 3533
1287 3149965 3348
1288 3153313 2370
1289 3155683 3499
1290 3159182 2179
1291 3161361 2044
1292 3163405 9193
1293 3172598 5414
1294 3178012 7530
1295 3185542 5446
1296 3190988 4864
1297 3195852 8272
1298 3204124 11957
1299 3216081 6337
1300 3222418 1438
1301 3223856 1863
1302 3225719 981
1303 3226700 5305
1304 3232005 2958
1305 3234963 676
1306 3235639 4196
1307 3239835 821
1308 3240656 3154
1309 3243810 739
1310 3244549 926
1311 3245475 4234
1312 3249709 3676
1313 3253385 1281
1314 3254666 1813
1315 3256479 1154
1316 3257633 1642
1317 3259275 884
1318 3260159 2504
1319 3262663 4390
1320 3267053 4688
1321 3271741 1116
1322 3272857 2248
1323 3275105 962
1324 3276067 1978
1325 3278045 899
1326 3278944 1199
1327 3280143 1489
1328 3281632 560
1329 3282192 3971
1330 3286163 1454
1331 3287617 4817
1332 3292434 2488
1333 3294922 2072
1334 3296994 2494
1335 3299488 2245
1336 3301733 3490
1337 3305223 1678
1338 3306901 1128
1339 3308029 2612
1340 3310641 2031
1341 3312672 1901
1342 3314573 4296
1343 3318869 14602
1344 3333471 2128
1345 3335599 6591
1346 3342190 13734
1347 3355924 9065
1348 3364989 3709
1349 3368698 4610
1350 3373308 3643
1351 3376951 5675
1352 3382626 1694
1353 3384320 9099
1354 3393419 3990
1355 3397409 1895
1356 3399304 9767
1357 3409071 6490
1358 3415561 2456
1359 3418017 4532
1360 3422549 7554
1361 3430103 2089
1362 3432192 3708
1363 3435900 4316
1364 3440216 1089
1365 3441305 2217
1366 3443522 8073
1367 3451595 11537
1368 3463132 2035
1369 3465167 3595
1370 3468762 5157
1371 3473919 5322
1372 3479241 5150
1373 3484391 6328
1374 3490719 1021
1375 3491740 7186
1376 3498926 2931
1377 3501857 9523
1378 3511380 4207
1379 3515587 6412
1380 3521999 2873
1381 3524872 1582
1382 3526454 2909
1383 3529363 3389
1384 3532752 1760
1385 3534512 5542
1386 3540054 9060
1387 3549114 175
1388 3549289 2281
1389 3551570 8408
1390 3559978 6786
1391 3566764 6448
1392 3573212 3677
1393 3576889 3370
1394 3580259 2876
1395 3583135 3402
1396 3586537 458
1397 3586995 2156
1398 3589151 3914
1399 3593065 3603
1400 3596668 2898
1401 3599566 3567
1402 3603133 2684
1403 3605817 6549
1404 3612366 9410
1405 3621776 8427
1406 3630203 10514
1407 3640717 9681
1408 3650398 10263
1409 3660661 7945
1410 3668606 5461
1411 3674067 6231
1412 3680298 7480
1413 3687778 3538
1414 3691316 3977
1415 3695293 2358
1416 3697651 1545
1417 3699196 1650
1418 3700846 3139
1419 3703985 3501
1420 3707486 7587
1421 3715073 6329
1422 3721402 5924
1423 3727326 3560
1424 3730886 4581
1425 3735467 3471
1426 3738938 11591
1427 3750529 5139
1428 3755668 6628
1429 3762296 4793
1430 3767089 1058
1431 3768147 4154
1432 3772301 3645
1433 3775946 3430
1434 3779376 4299
1435 3783675 4892
1436 3788567 4545
1437 3793112 7973
1438 3801085 2233
1439 3803318 5525
1440 3808843 4365
1441 3813208 6519
1442 3819727 4777
1443 3824504 2155
1444 3826659 2131
1445 3828790 1481
1446 3830271 3301
1447 3833572 4583
1448 3838155 4122
1449 3842277 6223
1450 3848500 8565
1451 3857065 1841
1452 3858906 5768
1453 3864674 7262
1454 3871936 1273
1455 3873209 3408
1456 3876617 4095
1457 3880712 1614
1458 3882326 7282
1459 3889608 2742
1460 3892350 10127
1461 3902477 4280
1462 3906757 5792
1463 3912549 802
1464 3913351 3744
1465 3917095 1963
1466 3919058 1949
1467 3921007 1555
1468 3922562 2554
1469 3925116 2001
1470 3927117 3746
1471 3930863 936
1472 3931799 1201
1473 3933000 1920
1474 3934920 1432
1475 3936352 3805
1476 3940157 5712
1477 3945869 2234
1478 3948103 2896
1479 3950999 1498
1480 3952497 5744
1481 3958241 2652
1482 3960893 1281
1483 3962174 1259
1484 3963433 1328
1485 3964761 7949
1486 3972710 1706
1487 3974416 2824
1488 3977240 1236
1489 3978476 1424
1490 3979900 5118
1491 3985018 3035
1492 3988053 1290
1493 3989343 2782
1494 3992125 1437
1495 3993562 923
1496 3994485 2769
1497 3997254 1488
1498 3998742 901
1499 3999643 2994
1500 4002637 1216
1501 4003853 8773
1502 4012626 2602
1503 4015228 1618
1504 4016846 2228
1505 4019074 1984
1506 4021058 6247
1507 4027305 2072
1508 4029377 1560
1509 4030937 3141
1510 4034078 4053
1511 4038131 2677
1512 4040808 2876
1513 4043684 1030
1514 4044714 1412
1515 4046126 5499
1516 4051625 1640
1517 4053265 3612
1518 4056877 2074
1519 4058951 5802
1520 4064753 6774
1521 4071527 1214
1522 4072741 1513
1523 4074254 350
1524 4074604 2192
1525 4076796 1735
1526 4078531 2939
1527 4081470 1213
1528 4082683 1953
1529 4084636 915
1530 4085551 1861
1531 4087412 2960
1532 4090372 6879
1533 4097251 2654
1534 4099905 1556
1535 4101461 1761
1536 4103222 1698
1537 4104920 953
1538 4105873 8952
1539 4114825 5603
1540 4120428 5661
1541 4126089 5478
1542 4131567 6735
1543 4138302 2066
1544 4140368 19449
1545 4159817 7673
1546 4167490 1812
1547 4169302 1230
1548 4170532 3028
1549 4173560 1850
1550 4175410 2685
1551 4178095 4167
1552 4182262 1405
1553 4183667 587
1554 4184254 6564
1555 4190818 2408
1556 4193226 1821
1557 4195047 3339
1558 4198386 1881
1559 4200267 13751
1560 4214018 534
1561 4214552 1632
1562 4216184 3023
1563 4219207 2360
1564 4221567 2824
1565 4224391 18366
1566 4242757 2810
1567 4245567 2699
1568 4248266 1243
1569 4249509 1099
1570 4250608 854
1571 4251462 974
1572 4252436 989
1573 4253425 2353
1574 4255778 1737
1575 4257515 1146
1576 4258661 896
1577 4259557 1127
1578 4260684 1351
1579 4262035 992
1580 4263027 1943
1581 4264970 2619
1582 4267589 1269
1583 4268858 2736
1584 4271594 2812
1585 4274406 2993
1586 4277399 1056
1587 4278455 3621
1588 4282076 2539
1589 4284615 4290
1590 4288905 3326
1591 4292231 5877
1592 4298108 3295
1593 4301403 916
1594 4302319 2323
1595 4304642 4623
1596 4309265 2308
1597 4311573 790
1598 4312363 5801
1599 4318164 1230
1600 4319394 6011
1601 4325405 870
1602 4326275 1614
1603 4327889 869
1604 4328758 3270
1605 4332028 6413
1606 4338441 822
1607 4339263 3416
1608 4342679 4033
1609 4346712 1243
1610 4347955 1077
1611 4349032 1798
1612 4350830 1531
1613 4352361 2493
1614 4354854 2492
1615 4357346 1744
1616 4359090 1375
1617 4360465 2906
1618 4363371 2433
1619 4365804 1564
1620 4367368 1857
1621 4369225 1077
1622 4370302 947
1623 4371249 3360
1624 4374609 1954
1625 4376563 1925
1626 4378488 2220
1627 4380708 1950
1628 4382658 3120
1629 4385778 1790
1630 4387568 3193
1631 4390761 3797
1632 4394558 513
1633 4395071 1101
1634 4396172 806
1635 4396978 2564
1636 4399542 1053
1637 4400595 2276
1638 4402871 1858
1639 4404729 1420
1640 4406149 720
1641 4406869 1673
1642 4408542 2534
1643 4411076 1562
1644 4412638 2282
1645 4414920 2385
1646 4417305 2245
1647 4419550 1063
1648 4420613 2516
1649 4423129 1422
1650 4424551 4182
1651 4428733 2105
1652 4430838 1786
1653 4432624 2245
1654 4434869 4209
1655 4439078 533
1656 4439611 826
1657 4440437 2560
1658 4442997 4235
1659 4447232 3554
1660 4450786 900
1661 4451686 4076
1662 4455762 3510
1663 4459272 1217
1664 4460489 2391
1665 4462880 2650
1666 4465530 3752
1667 4469282 1647
1668 4470929 2697
1669 4473626 2678
1670 4476304 510
1671 4476814 4146
1672 4480960 6068
1673 4487028 1734
1674 4488762 3589
1675 4492351 2451
1676 4494802 6019
1677 4500821 5776
1678 4506597 7762
1679 4514359 4935
1680 4519294 903
1681 4520197 1269
1682 4521466 2029
1683 4523495 4061
1684 4527556 3490
1685 4531046 602
1686 4531648 4055
1687 4535703 2906
1688 4538609 2849
1689 4541458 3501
1690 4544959 5608
1691 4550567 4643
1692 4555210 5090
1693 4560300 2703
1694 4563003 9164
1695 4572167 9402
1696 4581569 5544
1697 4587113 2019
1698 4589132 7351
1699 4596483 1990
1700 4598473 3484
1701 4601957 3730
1702 4605687 2604
1703 4608291 8362
1704 4616653 1304
1705 4617957 1880
1706 4619837 3084
1707 4622921 4556
1708 4627477 2021
1709 4629498 1197
1710 4630695 1217
1711 4631912 5285
1712 4637197 2779
1713 4639976 4012
1714 4643988 1134
1715 4645122 2020
1716 4647142 2142
1717 4649284 1335
1718 4650619 2890
1719 4653509 1582
1720 4655091 7317
1721 4662408 5294
1722 4667702 735
1723 4668437 530
1724 4668967 859
1725 4669826 670
1726 4670496 531
1727 4671027 569
1728 4671596 1339
1729 4672935 3522
1730 4676457 3737
1731 4680194 510
1732 4680704 2083
1733 4682787 1336
1734 4684123 3394
1735 4687517 6248
1736 4693765 3266
1737 4697031 5322
1738 4702353 3008
1739 4705361 3809
1740 4709170 3288
1741 4712458 3037
1742 4715495 2099
1743 4717594 1933
1744 4719527 3196
1745 4722723 3775
1746 4726498 209
1747 4726707 1940
1748 4728647 2170
1749 4730817 3807
1750 4734624 3798
1751 4738422 3620
1752 4742042 11150
1753 4753192 10073
1754 4763265 2049
1755 4765314 3822
1756 4769136 3446
1757 4772582 4216
1758 4776798 1515
1759 4778313 1456
1760 4779769 2351
1761 4782120 1948
1762 4784068 3100
1763 4787168 2759
1764 4789927 1917
1765 4791844 2386
1766 4794230 6709
1767 4800939 8215
1768 4809154 3711
1769 4812865 5016
1770 4817881 3496
1771 4821377 1884
1772 4823261 987
1773 4824248 1406
1774 4825654 1165
1775 4826819 2094
1776 4828913 1294
1777 4830207 1733
1778 4831940 1803
1779 4833743 2177
1780 4835920 1799
1781 4837719 7662
1782 4845381 18350
1783 4863731 3874
1784 4867605 4406
1785 4872011 3341
1786 4875352 3544
1787 4878896 10508
1788 4889404 4060
1789 4893464 1214
1790 4894678 889
1791 4895567 1501
1792 4897068 962
1793 4898030 1970
1794 4900000 4459
1795 4904459 1627
1796 4906086 6239
1797 4912325 7695
1798 4920020 1990
1799 4922010 4000
1800 4926010 2670
1801 4928680 4768
1802 4933448 8845
1803 4942293 4974
1804 4947267 7972
1805 4955239 4782
1806 4960021 10036
1807 4970057 2209
1808 4972266 1614
1809 4973880 2098
1810 4975978 1873
1811 4977851 2434
1812 4980285 2892
1813 4983177 2580
1814 4985757 13299
1815 4999056 2487
1816 5001543 2258
1817 5003801 2512
1818 5006313 3084
1819 5009397 1585
1820 5010982 10158
1821 5021140 9650
1822 5030790 4718
1823 5035508 6998
1824 5042506 3658
1825 5046164 3425
1826 5049589 2845
1827 5052434 5876
1828 5058310 3082
1829 5061392 5857
1830 5067249 4771
1831 5072020 13733
1832 5085753 3829
1833 5089582 2968
1834 5092550 1622
1835 5094172 8107
1836 5102279 5690
1837 5107969 12501
1838 5120470 3814
1839 5124284 2203
1840 5126487 5466
1841 5131953 5848
1842 5137801 7926
1843 5145727 10141
1844 5155868 3601
1845 5159469 3387
1846 5162856 2183
1847 5165039 383
1848 5165422 3782
1849 5169204 2029
1850 5171233 1482
1851 5172715 7377
1852 5180092 1019
1853 5181111 943
1854 5182054 1676
1855 5183730 3277
1856 5187007 1824
1857 5188831 4060
1858 5192891 2169
1859 5195060 4026
1860 5199086 1396
1861 5200482 4919
1862 5205401 2601
1863 5208002 1752
1864 5209754 1975
1865 5211729 1484
1866 5213213 2136
1867 5215349 998
1868 5216347 5435
1869 5221782 1967
1870 5223749 1497
1871 5225246 1852
1872 5227098 1166
1873 5228264 1173
1874 5229437 6954
1875 5236391 3752
1876 5240143 1018
1877 5241161 2468
1878 5243629 2227
1879 5245856 3218
1880 5249074 2583
1881 5251657 30038
1882 5281695 1092
1883 5282787 1742
1884 5284529 5105
1885 5289634 1246
1886 5290880 1646
1887 5292526 1727
1888 5294253 2406
1889 5296659 1674
1890 5298333 1578
1891 5299911 2635
1892 5302546 3218
1893 5305764 4660
1894 5310424 1780
1895 5312204 951
1896 5313155 1490
1897 5314645 2050
1898 5316695 1524
1899 5318219 1796
1900 5320015 1284
1901 5321299 1903
1902 5323202 1619
1903 5324821 856
1904 5325677 2714
1905 5328391 1871
1906 5330262 6151
1907 5336413 2725
1908 5339138 1400
1909 5340538 1202
1910 5341740 2684
1911 5344424 1453
1912 5345877 2313
1913 5348190 1464
1914 5349654 1336
1915 5350990 2188
1916 5353178 1517
1917 5354695 1712
1918 5356407 5216
1919 5361623 2584
1920 5364207 5606
1921 5369813 1672
1922 5371485 1294
1923 5372779 2967
1924 5375746 1599
1925 5377345 2787
1926 5380132 1291
1927 5381423 858
1928 5382281 1605
1929 5383886 3993
1930 5387879 3234
1931 5391113 2983
1932 5394096 3355
1933 5397451 2710
1934 5400161 1405
1935 5401566 1368
1936 5402934 882
1937 5403816 2163
1938 5405979 1625
1939 5407604 1088
1940 5408692 3322
1941 5412014 3199
1942 5415213 3776
1943 5418989 1752
1944 5420741 4870
1945 5425611 3862
1946 5429473 1765
1947 5431238 1783
1948 5433021 967
1949 5433988 1268
1950 5435256 983
1951 5436239 1160
1952 5437399 5084
1953 5442483 2279
1954 5444762 1853
1955 5446615 1127
1956 5447742 1290
1957 5449032 1236
1958 5450268 4181
1959 5454449 1504
1960 5455953 2687
1961 5458640 2139
1962 5460779 1097
1963 5461876 1832
1964 5463708 4997
1965 5468705 2336
1966 5471041 6356
1967 5477397 3584
1968 5480981 6861
1969 5487842 10183
1970 5498025 2179
1971 5500204 3676
1972 5503880 2337
1973 5506217 3709
1974 5509926 2948
1975 5512874 3775
1976 5516649 1623
1977 5518272 10140
1978 5528412 2145
1979 5530557 4988
1980 5535545 2421
1981 5537966 1515
1982 5539481 7959
1983 5547440 6796
1984 5554236 4454
1985 5558690 9619
1986 5568309 6414
1987 5574723 5739
1988 5580462 2879
1989 5583341 5684
1990 5589025 10452
1991 5599477 4317
1992 5603794 6167
1993 5609961 4641
1994 5614602 2278
1995 5616880 3433
1996 5620313 8908
1997 5629221 1809
1998 5631030 5744
1999 5636774 4051
2000 5640825 4056
2001 5644881 2614
2002 5647495 370
2003 5647865 1859
2004 5649724 7406
2005 5657130 4452
2006 5661582 2432
2007 5664014 1746
2008 5665760 3090
2009 5668850 3529
2010 5672379 2795
2011 5675174 5242
2012 5680416 1179
2013 5681595 1165
2014 5682760 3117
2015 5685877 7624
2016 5693501 7657
2017 5701158 1192
2018 5702350 6039
2019 5708389 1695
2020 5710084 2332
2021 5712416 4841
2022 5717257 1726
2023 5718983 3360
2024 5722343 1930
2025 5724273 1174
2026 5725447 2644
2027 5728091 673
2028 5728764 2803
2029 5731567 5213
2030 5736780 189
2031 5736969 1659
2032 5738628 2837
2033 5741465 4165
2034 5745630 1254
2035 5746884 1114
2036 5747998 1621
2037 5749619 1185
2038 5750804 1665
2039 5752469 827
2040 5753296 868
2041 5754164 3830
2042 5757994 833
2043 5758827 3117
2044 5761944 7848
2045 5769792 2550
2046 5772342 1509
2047 5773851 3164
2048 5777015 1161
2049 5778176 2702
2050 5780878 2354
2051 5783232 1349
2052 5784581 1032
2053 5785613 3675
2054 5789288 3075
2055 5792363 1467
2056 5793830 8356
2057 5802186 1466
2058 5803652 2059
2059 5805711 959
2060 5806670 1669
2061 5808339 1628
2062 5809967 917
2063 5810884 2430
2064 5813314 9649
2065 5822963 3962
2066 5826925 1968
2067 5828893 3133
2068 5832026 2450
2069 5834476 7786
2070 5842262 2663
2071 5844925 2014
2072 5846939 6217
2073 5853156 4245
2074 5857401 4365
2075 5861766 3834
2076 5865600 6887
2077 5872487 3604
2078 5876091 3284
2079 5879375 4624
2080 5883999 5266
2081 5889265 4443
2082 5893708 3419
2083 5897127 4121
2084 5901248 1139
2085 5902387 7947
2086 5910334 4571
2087 5914905 4389
2088 5919294 4374
2089 5923668 4086
2090 5927754 5564
2091 5933318 7798
2092 5941116 2346
2093 5943462 2127
2094 5945589 2950
2095 5948539 2944
2096 5951483 4614
2097 5956097 5429
2098 5961526 3168
2099 5964694 4088
2100 5968782 5460
2101 5974242 4682
2102 5978924 5118
2103 5984042 2490
2104 5986532 2728
2105 5989260 2968
2106 5992228 8262
2107 6000490 1228
2108 6001718 770
2109 6002488 203
2110 6002691 4148
2111 6006839 3344
2112 6010183 1544
2113 6011727 9949
2114 6021676 3068
2115 6024744 8755
2116 6033499 3963
2117 6037462 5245
2118 6042707 4932
2119 6047639 8584
2120 6056223 4797
2121 6061020 3920
2122 6064940 521
2123 6065461 4686
2124 6070147 4394
2125 6074541 3814
2126 6078355 5825
2127 6084180 7217
2128 6091397 6469
2129 6097866 2573
2130 6100439 3360
2131 6103799 967
2132 6104766 22911
2133 6127677 18581
2134 6146258 2583
2135 6148841 8477
2136 6157318 1646
2137 6158964 2394
2138 6161358 7136
2139 6168494 3339
2140 6171833 11014
2141 6182847 2875
2142 6185722 3511
2143 6189233 3222
2144 6192455 4836
2145 6197291 7265
2146 6204556 6903
2147 6211459 6192
2148 6217651 1074
2149 6218725 2785
2150 6221510 3446
2151 6224956 1046
2152 6226002 2437
2153 6228439 1553
2154 6229992 6344
2155 6236336 13625
2156 6249961 2097
2157 6252058 12953
2158 6265011 6470
2159 6271481 2878
2160 6274359 5032
2161 6279391 1963
2162 6281354 9045
2163 6290399 6564
2164 6296963 2480
2165 6299443 6446
2166 6305889 783
2167 6306672 1097
2168 6307769 2940
2169 6310709 4412
2170 6315121 9680
2171 6324801 2192
2172 6326993 3167
2173 6330160 2102
2174 6332262 2283
2175 6334545 27044
2176 6361589 1896
2177 6363485 1776
2178 6365261 5376
2179 6370637 5466
2180 6376103 2503
2181 6378606 3414
2182 6382020 4778
2183 6386798 3729
2184 6390527 3382
2185 6393909 15490
2186 6409399 4146
2187 6413545 3599
2188 6417144 10159
2189 6427303 1684
2190 6428987 1505
2191 6430492 5870
2192 6436362 10962
2193 6447324 5256
2194 6452580 3858
2195 6456438 2201
2196 6458639 1312
2197 6459951 670
2198 6460621 1536
2199 6462157 4655
2200 6466812 2741
2201 6469553 1957
2202 6471510 8797
2203 6480307 6277
2204 6486584 5197
2205 6491781 1978
2206 6493759 6480
2207 6500239 2974
2208 6503213 2944
2209 6506157 7516
2210 6513673 1702
2211 6515375 2122
2212 6517497 2597
2213 6520094 1704
2214 6521798 1606
2215 6523404 10923
2216 6534327 7620
2217 6541947 3386
2218 6545333 3043
2219 6548376 1905
2220 6550281 5580
2221 6555861 8191
2222 6564052 3213
2223 6567265 583
2224 6567848 3662
2225 6571510 5129
2226 6576639 6915
2227 6583554 927
2228 6584481 2369
2229 6586850 4374
2230 6591224 3558
2231 6594782 2911
2232 6597693 5632
2233 6603325 5094
2234 6608419 7360
2235 6615779 1130
2236 6616909 3945
2237 6620854 1353
2238 6622207 7353
2239 6629560 3299
2240 6632859 4388
2241 6637247 4882
2242 6642129 2351
2243 6644480 6085
2244 6650565 2285
2245 6652850 1714
2246 6654564 15318
2247 6669882 9303
2248 6679185 5399
2249 6684584 1377
2250 6685961 5702
2251 6691663 1399
2252 6693062 6570
2253 6699632 4639
2254 6704271 4615
2255 6708886 9774
2256 6718660 1737
2257 6720397 3483
2258 6723880 15712
2259 6739592 9603
2260 6749195 3915
2261 6753110 7902
2262 6761012 13785
2263 6774797 3803
2264 6778600 14097
2265 6792697 5405
2266 6798102 3335
2267 6801437 3686
2268 6805123 6352
2269 6811475 1483
2270 6812958 2680
2271 6815638 2089
2272 6817727 3104
2273 6820831 1598
2274 6822429 8510
2275 6830939 3499
2276 6834438 3386
2277 6837824 1361
2278 6839185 7911
2279 6847096 8195
2280 6855291 8632
2281 6863923 5681
2282 6869604 7414
2283 6877018 7077
2284 6884095 5486
2285 6889581 1790
2286 6891371 6419
2287 6897790 9031
2288 6906821 3859
2289 6910680 4588
2290 6915268 2722
2291 6917990 2392
2292 6920382 3856
2293 6924238 4804
2294 6929042 4257
2295 6933299 3242
2296 6936541 7047
2297 6943588 8570
2298 6952158 8483
2299 6960641 2791
2300 6963432 640
2301 6964072 4184
2302 6968256 8130
2303 6976386 8331
2304 6984717 5402
2305 6990119 2407
2306 6992526 7592
2307 7000118 6636
2308 7006754 3456
2309 7010210 2893
2310 7013103 1053
2311 7014156 3047
2312 7017203 10594
2313 7027797 7557
2314 7035354 7610
2315 7042964 1034
2316 7043998 2962
2317 7046960 1787
2318 7048747 8021
2319 7056768 6935
2320 7063703 4055
2321 7067758 1025
2322 7068783 9573
2323 7078356 9624
2324 7087980 2699
2325 7090679 3787
2326 7094466 5684
2327 7100150 14776
2328 7114926 3038
2329 7117964 4449
2330 7122413 7885
2331 7130298 6492
2332 7136790 2500
2333 7139290 3859
2334 7143149 3794
2335 7146943 1852
2336 7148795 3379
2337 7152174 5071
2338 7157245 2233
2339 7159478 1099
2340 7160577 1356
2341 7161933 3988
2342 7165921 983
2343 7166904 3479
2344 7170383 3293
2345 7173676 3668
2346 7177344 3269
2347 7180613 2457
2348 7183070 979
2349 7184049 1254
2350 7185303 8059
2351 7193362 7005
2352 7200367 4476
2353 7204843 7290
2354 7212133 988
2355 7213121 3322
2356 7216443 9063
2357 7225506 2140
2358 7227646 6288
2359 7233934 6279
2360 7240213 1135
2361 7241348 823
2362 7242171 6793
2363 7248964 3574
2364 7252538 2673
2365 7255211 1016
2366 7256227 4319
2367 7260546 5463
2368 7266009 3019
2369 7269028 2751
2370 7271779 3744
2371 7275523 2126
2372 7277649 4010
2373 7281659 13141
2374 7294800 2517
2375 7297317 1921
2376 7299238 3625
2377 7302863 3868
2378 7306731 3878
2379 7310609 1899
2380 7312508 5441
2381 7317949 6879
2382 7324828 2511
2383 7327339 4585
2384 7331924 6979
2385 7338903 1506
2386 7340409 2487
2387 7342896 2676
2388 7345572 817
2389 7346389 5364
2390 7351753 272
2391 7352025 841
2392 7352866 3580
2393 7356446 5929
2394 7362375 1241
2395 7363616 1388
2396 7365004 3690
2397 7368694 4586
2398 7373280 2390
2399 7375670 2206
2400 7377876 3780
2401 7381656 4064
2402 7385720 932
2403 7386652 2941
2404 7389593 1143
2405 7390736 1787
2406 7392523 2006
2407 7394529 3130
2408 7397659 7147
2409 7404806 8616
2410 7413422 3970
2411 7417392 4001
2412 7421393 4631
2413 7426024 3907
2414 7429931 4634
2415 7434565 1161
2416 7435726 4220
2417 7439946 2712
2418 7442658 1720
2419 7444378 1082
2420 7445460 4044
2421 7449504 3880
2422 7453384 2894
2423 7456278 1294
2424 7457572 3170
2425 7460742 7695
2426 7468437 19078
2427 7487515 2201
2428 7489716 3789
2429 7493505 1651
2430 7495156 4257
2431 7499413 5125
2432 7504538 8858
2433 7513396 3148
2434 7516544 13381
2435 7529925 3749
2436 7533674 189
2437 7533863 6379
2438 7540242 8715
2439 7548957 5772
2440 7554729 2171
2441 7556900 4979
2442 7561879 1218
2443 7563097 3868
2444 7566965 6369
2445 7573334 1669
2446 7575003 3444
2447 7578447 2810
2448 7581257 6297
2449 7587554 5400
2450 7592954 1811
2451 7594765 6759
2452 7601524 3678
2453 7605202 10439
2454 7615641 6985
2455 7622626 4567
2456 7627193 3529
2457 7630722 6457
2458 7637179 9643
2459 7646822 1597
2460 7648419 2782
2461 7651201 2405
2462 7653606 4564
2463 7658170 8718
2464 7666888 1590
2465 7668478 4820
2466 7673298 200
2467 7673498 162
2468 7673660 190
2469 7673850 162
2470 7674012 607
2471 7674619 641
2472 7675260 614
2473 7675874 659
2474 7676533 641
2475 7677174 617
2476 7677791 175
2477 7677966 587
2478 7678553 610
2479 7679163 673
2480 7679836 216
2481 7680052 162
2482 7680214 644
2483 7680858 156
2484 7681014 654
2485 7681668 624
2486 7682292 619
2487 7682911 622
2488 7683533 622
2489 7684155 622
2490 7684777 619
2491 7685396 613
2492 7686009 624
2493 7686633 628
2494 7687261 177
2495 7687438 640
2496 7688078 623
2497 7688701 610
2498 7689311 165
2499 7689476 616
2500 7690092 205
2501 7690297 669
2502 7690966 206
2503 7691172 612
2504 7691784 355
2505 7692139 177
2506 7692316 657
2507 7692973 642
2508 7693615 558
2509 7694173 625
2510 7694798 668
2511 7695466 621
2512 7696087 653
2513 7696740 638
2514 7697378 626
2515 7698004 646
2516 7698650 639
2517 7699289 649
2518 7699938 643
2519 7700581 202
2520 7700783 622
2521 7701405 620
2522 7702025 607
2523 7702632 641
2524 7703273 614
2525 7703887 662
2526 7704549 619
2527 7705168 615
2528 7705783 206
2529 7705989 540
2530 7706529 610
2531 7707139 196
2532 7707335 640
2533 7707975 625
2534 7708600 610
2535 7709210 211
2536 7709421 611
2537 7710032 164
2538 7710196 658
2539 7710854 610
2540 7711464 164
2541 7711628 182
2542 7711810 175
2543 7711985 202
2544 7712187 616
2545 7712803 644
2546 7713447 614
2547 7714061 657
2548 7714718 653
2549 7715371 620
2550 7715991 207
2551 7716198 540
2552 7716738 610
2553 7717348 193
2554 7717541 279
2555 7717820 296
2556 7718116 176
2557 7718292 640
2558 7718932 623
2559 7719555 202
2560 7719757 273
2561 7720030 295
2562 7720325 651
2563 7720976 164
2564 7721140 253
2565 7721393 610
2566 7722003 184
2567 7722187 618
2568 7722805 227
2569 7723032 645
2570 7723677 667
2571 7724344 619
2572 7724963 625
2573 7725588 620
2574 7726208 624
2575 7726832 173
2576 7727005 540
2577 7727545 644
2578 7728189 204
2579 7728393 186
2580 7728579 643
2581 7729222 622
2582 7729844 644
2583 7730488 196
2584 7730684 640
2585 7731324 178
2586 7731502 618
2587 7732120 182
2588 7732302 615
2589 7732917 644
2590 7733561 631
2591 7734192 664
2592 7734856 644
2593 7735500 654
2594 7736154 631
2595 7736785 658
2596 7737443 646
2597 7738089 644
2598 7738733 646
2599 7739379 640
2600 7740019 620
2601 7740639 190
2602 7740829 617
2603 7741446 606
2604 7742052 610
2605 7742662 613
2606 7743275 621
2607 7743896 629
2608 7744525 621
2609 7745146 644
2610 7745790 177
2611 7745967 586
2612 7746553 642
2613 7747195 184
2614 7747379 627
2615 7748006 609
2616 7748615 623
2617 7749238 644
2618 7749882 621
2619 7750503 623
2620 7751126 620
2621 7751746 206
2622 7751952 620
2623 7752572 651
2624 7753223 162
2625 7753385 629
2626 7754014 644
2627 7754658 652
2628 7755310 652
2629 7755962 163
2630 7756125 610
2631 7756735 201
2632 7756936 175
2633 7757111 181
2634 7757292 175
2635 7757467 603
2636 7758070 614
2637 7758684 621
2638 7759305 629
2639 7759934 622
2640 7760556 625
2641 7761181 176
2642 7761357 586
2643 7761943 644
2644 7762587 163
2645 7762750 613
2646 7763363 178
2647 7763541 624
2648 7764165 610
2649 7764775 644
2650 7765419 206
2651 7765625 617
2652 7766242 174
2653 7766416 627
2654 7767043 644
2655 7767687 201
2656 7767888 175
2657 7768063 156
2658 7768219 175
2659 7768394 604
2660 7768998 614
2661 7769612 622
2662 7770234 631
2663 7770865 623
2664 7771488 620
2665 7772108 176
2666 7772284 588
2667 7772872 642
2668 7773514 199
2669 7773713 626
2670 7774339 608
2671 7774947 644
2672 7775591 268
2673 7775859 618
2674 7776477 163
2675 7776640 627
2676 7777267 203
2677 7777470 692
2678 7778162 156
2679 7778318 629
2680 7778947 643
2681 7779590 178
2682 7779768 196
2683 7779964 178
2684 7780142 190
2685 7780332 178
2686 7780510 172
2687 7780682 178
2688 7780860 175
2689 7781035 190
2690 7781225 184
2691 7781409 605
2692 7782014 175
2693 7782189 585
2694 7782774 205
2695 7782979 621
2696 7783600 621
2697 7784221 607
2698 7784828 615
2699 7785443 622
2700 7786065 629
2701 7786694 622
2702 7787316 618
2703 7787934 173
2704 7788107 625
2705 7788732 610
2706 7789342 643
2707 7789985 643
2708 7790628 205
2709 7790833 615
2710 7791448 615
2711 7792063 183
2712 7792246 177
2713 7792423 157
2714 7792580 631
2715 7793211 643
2716 7793854 184
2717 7794038 156
2718 7794194 175
2719 7794369 200
2720 7794569 605
2721 7795174 618
2722 7795792 622
2723 7796414 631
2724 7797045 622
2725 7797667 619
2726 7798286 169
2727 7798455 585
2728 7799040 643
2729 7799683 189
2730 7799872 625
2731 7800497 606
2732 7801103 643
2733 7801746 215
2734 7801961 614
2735 7802575 196
2736 7802771 623
2737 7803394 163
2738 7803557 631
2739 7804188 643
2740 7804831 161
2741 7804992 613
2742 7805605 182
2743 7805787 168
2744 7805955 150
2745 7806105 200
2746 7806305 605
2747 7806910 616
2748 7807526 622
2749 7808148 633
2750 7808781 623
2751 7809404 620
2752 7810024 643
2753 7810667 175
2754 7810842 585
2755 7811427 677
2756 7812104 215
2757 7812319 195
2758 7812514 624
2759 7813138 610
2760 7813748 186
2761 7813934 177
2762 7814111 643
2763 7814754 173
2764 7814927 666
2765 7815593 203
2766 7815796 658
2767 7816454 223
2768 7816677 615
2769 7817292 177
2770 7817469 197
2771 7817666 631
2772 7818297 642
2773 7818939 659
2774 7819598 634
2775 7820232 651
2776 7820883 646
2777 7821529 650
2778 7822179 638
2779 7822817 653
2780 7823470 647
2781 7824117 651
2782 7824768 649
2783 7825417 625
2784 7826042 202
2785 7826244 621
2786 7826865 618
2787 7827483 607
2788 7828090 616
2789 7828706 617
2790 7829323 632
2791 7829955 622
2792 7830577 651
2793 7831228 163
2794 7831391 585
2795 7831976 180
2796 7832156 611
2797 7832767 643
2798 7833410 178
2799 7833588 632
2800 7834220 183
2801 7834403 625
2802 7835028 609
2803 7835637 646
2804 7836283 643
2805 7836926 205
2806 7837131 612
2807 7837743 163
2808 7837906 631
2809 7838537 643
2810 7839180 224
2811 7839404 150
2812 7839554 214
2813 7839768 150
2814 7839918 603
2815 7840521 615
2816 7841136 622
2817 7841758 635
2818 7842393 624
2819 7843017 626
2820 7843643 175
2821 7843818 587
2822 7844405 643
2823 7845048 181
2824 7845229 189
2825 7845418 624
2826 7846042 608
2827 7846650 643
2828 7847293 242
2829 7847535 165
2830 7847700 168
2831 7847868 193
2832 7848061 611
2833 7848672 163
2834 7848835 630
2835 7849465 643
2836 7850108 210
2837 7850318 217
2838 7850535 601
2839 7851136 169
2840 7851305 586
2841 7851891 150
2842 7852041 177
2843 7852218 157
2844 7852375 187
2845 7852562 625
2846 7853187 624
2847 7853811 623
2848 7854434 200
2849 7854634 605
2850 7855239 617
2851 7855856 622
2852 7856478 632
2853 7857110 622
2854 7857732 651
2855 7858383 644
2856 7859027 177
2857 7859204 625
2858 7859829 608
2859 7860437 644
2860 7861081 234
2861 7861315 674
2862 7861989 598
2863 7862587 186
2864 7862773 623
2865 7863396 227
2866 7863623 661
2867 7864284 205
2868 7864489 617
2869 7865106 163
2870 7865269 632
2871 7865901 172
2872 7866073 644
2873 7866717 174
2874 7866891 648
2875 7867539 645
2876 7868184 677
2877 7868861 657
2878 7869518 634
2879 7870152 636
2880 7870788 636
2881 7871424 648
2882 7872072 647
2883 7872719 676
2884 7873395 612
2885 7874007 202
2886 7874209 618
2887 7874827 622
2888 7875449 604
2889 7876053 616
2890 7876669 622
2891 7877291 632
2892 7877923 620
2893 7878543 676
2894 7879219 176
2895 7879395 587
2896 7879982 644
2897 7880626 177
2898 7880803 626
2899 7881429 607
2900 7882036 644
2901 7882680 226
2902 7882906 225
2903 7883131 620
2904 7883751 182
2905 7883933 628
2906 7884561 644
2907 7885205 640
2908 7885845 199
2909 7886044 202
2910 7886246 214
2911 7886460 208
2912 7886668 202
2913 7886870 603
2914 7887473 617
2915 7888090 617
2916 7888707 629
2917 7889336 626
2918 7889962 638
2919 7890600 182
2920 7890782 586
2921 7891368 644
2922 7892012 634
2923 7892646 192
2924 7892838 624
2925 7893462 606
2926 7894068 644
2927 7894712 192
2928 7894904 175
2929 7895079 253
2930 7895332 628
2931 7895960 197
2932 7896157 645
2933 7896802 644
2934 7897446 188
2935 7897634 587
2936 7898221 215
2937 7898436 646
2938 7899082 644
2939 7899726 171
2940 7899897 629
2941 7900526 606
2942 7901132 644
2943 7901776 185
2944 7901961 624
2945 7902585 222
2946 7902807 609
2947 7903416 176
2948 7903592 611
2949 7904203 644
2950 7904847 180
2951 7905027 186
2952 7905213 174
2953 7905387 219
2954 7905606 622
2955 7906228 681
2956 7906909 626
2957 7907535 642
2958 7908177 656
2959 7908833 642
2960 7909475 625
2961 7910100 644
2962 7910744 648
2963 7911392 633
2964 7912025 646
2965 7912671 643
2966 7913314 5129
2967 7918443 7822
2968 7926265 5316
2969 7931581 11005
2970 7942586 1830
2971 7944416 7265
2972 7951681 3686
2973 7955367 7924
2974 7963291 476
2975 7963767 5211
2976 7968978 2492
2977 7971470 3079
2978 7974549 3877
2979 7978426 747
2980 7979173 869
2981 7980042 5670
2982 7985712 1482
2983 7987194 2136
2984 7989330 2616
2985 7991946 3664
2986 7995610 3268
2987 7998878 2084
2988 8000962 4824
2989 8005786 10140
2990 8015926 585
2991 8016511 3162
2992 8019673 3451
2993 8023124 5312
2994 8028436 3761
2995 8032197 6246
2996 8038443 9854
2997 8048297 2073
2998 8050370 1629
2999 8051999 3121
3000 8055120 5578
3001 8060698 3666
3002 8064364 1980
3003 8066344 4392
3004 8070736 1362
3005 8072098 9451
3006 8081549 4574
3007 8086123 2579
3008 8088702 3573
3009 8092275 1801
3010 8094076 1481
3011 8095557 1503
3012 8097060 4714
3013 8101774 2889
3014 8104663 8557
3015 8113220 7773
3016 8120993 5304
3017 8126297 3039
3018 8129336 7122
3019 8136458 1192
3020 8137650 2799
3021 8140449 2586
3022 8143035 1946
3023 8144981 2315
3024 8147296 522
3025 8147818 5879
3026 8153697 515
3027 8154212 2071
3028 8156283 6623
3029 8162906 5878
3030 8168784 2516
3031 8171300 3070
3032 8174370 8937
3033 8183307 3612
3034 8186919 3889
3035 8190808 3036
3036 8193844 8952
3037 8202796 4036
3038 8206832 3389
3039 8210221 3634
3040 8213855 1463
3041 8215318 4478
3042 8219796 1018
3043 8220814 1772
3044 8222586 5592
3045 8228178 2091
3046 8230269 1792
3047 8232061 15850
3048 8247911 5929
3049 8253840 2250
3050 8256090 2614
3051 8258704 5399
3052 8264103 3918
3053 8268021 13767
3054 8281788 3822
3055 8285610 1845
3056 8287455 3635
3057 8291090 6590
3058 8297680 2957
3059 8300637 561
3060 8301198 4686
3061 8305884 4552
3062 8310436 2706
3063 8313142 4739
3064 8317881 2154
3065 8320035 736
3066 8320771 757
3067 8321528 3225
3068 8324753 762
3069 8325515 6212
3070 8331727 6354
3071 8338081 5732
3072 8343813 10743
3073 8354556 3788
3074 8358344 1579
3075 8359923 2144
3076 8362067 9579
3077 8371646 4307
3078 8375953 6380
3079 8382333 3043
3080 8385376 6093
3081 8391469 6074
3082 8397543 1688
3083 8399231 6467
3084 8405698 3270
3085 8408968 6705
3086 8415673 9029
3087 8424702 1420
3088 8426122 2905
3089 8429027 1770
3090 8430797 3346
3091 8434143 6012
3092 8440155 6792
3093 8446947 6298
3094 8453245 6420
3095 8459665 9695
3096 8469360 9736
3097 8479096 1176
3098 8480272 709
3099 8480981 1142
3100 8482123 3792
3101 8485915 664
3102 8486579 5522
3103 8492101 1387
3104 8493488 2776
3105 8496264 2313
3106 8498577 5523
3107 8504100 12213
3108 8516313 2592
3109 8518905 26081
3110 8544986 3706
3111 8548692 4031
3112 8552723 12426
3113 8565149 4397
3114 8569546 3887
3115 8573433 14647
3116 8588080 12269
3117 8600349 3671
3118 8604020 1632
3119 8605652 9098
3120 8614750 1799
3121 8616549 708
3122 8617257 3227
3123 8620484 2852
3124 8623336 5815
3125 8629151 9614
3126 8638765 4039
3127 8642804 1130
3128 8643934 1781
3129 8645715 5496
3130 8651211 4593
3131 8655804 4539
3132 8660343 4390
3133 8664733 1854
3134 8666587 4366
3135 8670953 3671
3136 8674624 6160
3137 8680784 4187
3138 8684971 1101
3139 8686072 730
3140 8686802 8840
3141 8695642 3950
3142 8699592 7003
3143 8706595 1508
3144 8708103 2474
3145 8710577 1083
3146 8711660 1021
3147 8712681 1012
3148 8713693 5323
3149 8719016 10995
3150 8730011 743
3151 8730754 662
3152 8731416 4014
3153 8735430 10086
3154 8745516 1305
3155 8746821 3106
3156 8749927 848
3157 8750775 679
3158 8751454 623
3159 8752077 984
3160 8753061 722
3161 8753783 1749
3162 8755532 12295
3163 8767827 4323
3164 8772150 11188
3165 8783338 3607
3166 8786945 1590
3167 8788535 3078
3168 8791613 1179
3169 8792792 584
3170 8793376 1570
3171 8794946 1641
3172 8796587 1567
3173 8798154 8821
3174 8806975 7784
3175 8814759 4436
3176 8819195 2927
3177 8822122 610
3178 8822732 7692
3179 8830424 4050
3180 8834474 12557
3181 8847031 4931
3182 8851962 2530
3183 8854492 3906
3184 8858398 16210
3185 8874608 6316
3186 8880924 2627
3187 8883551 306
3188 8883857 2356
3189 8886213 3863
3190 8890076 2825
3191 8892901 13568
3192 8906469 7939
3193 8914408 1916
3194 8916324 2787
3195 8919111 1938
3196 8921049 1856
3197 8922905 3478
3198 8926383 2223
3199 8928606 3065
3200 8931671 1998
3201 8933669 1836
3202 8935505 2198
3203 8937703 2944
3204 8940647 2864
3205 8943511 1937
3206 8945448 2222
3207 8947670 2197
3208 8949867 1835
3209 8951702 1997
3210 8953699 2611
3211 8956310 3328
3212 8959638 2175
3213 8961813 1918
3214 8963731 1781
3215 8965512 2093
3216 8967605 4509
3217 8972114 3905
3218 8976019 3807
3219 8979826 3014
3220 8982840 2459
3221 8985299 2574
3222 8987873 2339
3223 8990212 2380
3224 8992592 4509
3225 8997101 321
3226 8997422 5872
3227 9003294 3905
3228 9007199 3807
3229 9011006 9961
3230 9020967 2815
3231 9023782 967
3232 9024749 4431
3233 9029180 7179
3234 9036359 306
3235 9036665 3206
3236 9039871 2679
3237 9042550 2386
3238 9044936 2605
3239 9047541 3576
3240 9051117 4361
3241 9055478 2618
3242 9058096 4999
3243 9063095 2757
3244 9065852 8235
3245 9074087 2760
3246 9076847 6295
3247 9083142 2454
3248 9085596 1227
3249 9086823 17848
3250 9104671 9881
3251 9114552 2968
3252 9117520 3251
3253 9120771 5895
3254 9126666 3490
3255 9130156 1949
3256 9132105 3087
3257 9135192 4502
3258 9139694 4383
3259 9144077 3727
3260 9147804 2999
3261 9150803 24583
3262 9175386 11340
3263 9186726 16332
3264 9203058 30735
3265 9233793 3793
3266 9237586 3229
3267 9240815 3732
3268 9244547 4245
3269 9248792 3602
3270 9252394 14602
3271 9266996 3049
3272 9270045 4817
3273 9274862 4100
3274 9278962 2618
3275 9281580 2721
3276 9284301 3567
3277 9287868 3465
3278 9291333 19792
3279 9311125 3995
3280 9315120 1249
3281 9316369 4169
3282 9320538 3671
3283 9324209 5344
3284 9329553 4316
3285 9333869 3790
3286 9337659 4368
3287 9342027 3065
3288 9345092 1685
3289 9346777 4300
3290 9351077 3732
3291 9354809 3174
3292 9357983 3993
3293 9361976 4155
3294 9366131 3539
3295 9369670 3639
3296 9373309 3801
3297 9377110 4000
3298 9381110 3467
3299 9384577 4306
3300 9388883 10507
3301 9399390 3759
3302 9403149 4715
3303 9407864 3499
3304 9411363 4017
3305 9415380 4772
3306 9420152 4181
3307 9424333 3947
3308 9428280 3474
3309 9431754 2841
3310 9434595 3086
3311 9437681 3128
3312 9440809 4057
3313 9444866 3263
3314 9448129 19352
3315 9467481 4350
3316 9471831 3403
3317 9475234 1549
3318 9476783 3449
3319 9480232 3511
3320 9483743 19537
3321 9503280 4669
3322 9507949 1506
3323 9509455 3409
3324 9512864 4844
3325 9517708 4142
3326 9521850 3338
3327 9525188 1222
3328 9526410 3449
3329 9529859 5441
3330 9535300 3771
3331 9539071 5061
3332 9544132 3167
3333 9547299 3285
3334 9550584 3634
3335 9554218 3726
3336 9557944 3476
3337 9561420 2732
3338 9564152 3234
3339 9567386 3642
3340 9571028 3191
3341 9574219 3546
3342 9577765 18935
3343 9596700 4512
3344 9601212 3777
3345 9604989 3617
3346 9608606 1590
3347 9610196 4325
3348 9614521 1234
3349 9615755 928
3350 9616683 2956
3351 9619639 4067
3352 9623706 3545
3353 9627251 2844
3354 9630095 3524
3355 9633619 2608
3356 9636227 1105
3357 9637332 4218
3358 9641550 19810
3359 9661360 3823
3360 9665183 4818
3361 9670001 3325
3362 9673326 4811
3363 9678137 3311
3364 9681448 3271
3365 9684719 3643
3366 9688362 1613
3367 9689975 210
3368 9690185 2810
3369 9692995 937
3370 9693932 1114
3371 9695046 15567
3372 9710613 6422
3373 9717035 13953
3374 9730988 726
3375 9731714 2759
3376 9734473 2041
3377 9736514 2598
3378 9739112 2774
3379 9741886 1767
3380 9743653 20053
3381 9763706 9028
3382 9772734 3561
3383 9776295 3543
3384 9779838 3384
3385 9783222 2092
3386 9785314 3351
3387 9788665 419
3388 9789084 2536
3389 9791620 2898
3390 9794518 13919
3391 9808437 1796
3392 9810233 4097
3393 9814330 2749
3394 9817079 2958
3395 9820037 918
3396 9820955 677
3397 9821632 20139
3398 9841771 3835
3399 9845606 219
3400 9845825 28625
3401 9874450 4203
3402 9878653 7390
3403 9886043 9320
3404 9895363 30301
3405 9925664 19672
3406 9945336 939
3407 9946275 605
3408 9946880 2313
3409 9949193 1603
3410 9950796 4954
3411 9955750 3304
3412 9959054 4037
3413 9963091 2489
3414 9965580 4580
3415 9970160 1133
3416 9971293 1992
3417 9973285 658
3418 9973943 410
3419 9974353 9908
3420 9984261 2289
3421 9986550 842
3422 9987392 30441
3423 10017833 3531
3424 10021364 920
3425 10022284 2574
3426 10024858 3112
3427 10027970 319
3428 10028289 7203
3429 10035492 19020
3430 10054512 5691
3431 10060203 1291
3432 10061494 2168
3433 10063662 2336
3434 10065998 2597
3435 10068595 2539
3436 10071134 1233
3437 10072367 8988
3438 10081355 3636
3439 10084991 2134
3440 10087125 2347
3441 10089472 22084
3442 10111556 841
3443 10112397 384
3444 10112781 1140
3445 10113921 3833
3446 10117754 1124
3447 10118878 3527
3448 10122405 3239
3449 10125644 1566
3450 10127210 1335
3451 10128545 2005
3452 10130550 2146
3453 10132696 1272
3454 10133968 1302
3455 10135270 3884
3456 10139154 541
3457 10139695 6459
3458 10146154 2563
3459 10148717 3661
3460 10152378 809
3461 10153187 1260
3462 10154447 2406
3463 10156853 678
3464 10157531 777
3465 10158308 5006
3466 10163314 2676
3467 10165990 2744
3468 10168734 1916
3469 10170650 2435
3470 10173085 7161
3471 10180246 1553
3472 10181799 1144
3473 10182943 1144
3474 10184087 1136
3475 10185223 1144
3476 10186367 1144
3477 10187511 1144
3478 10188655 1144
3479 10189799 1144
3480 10190943 1144
3481 10192087 787
3482 10192874 1119
3483 10193993 8079
3484 10202072 5545
3485 10207617 1319
3486 10208936 2003
3487 10210939 4754
3488 10215693 6784
3489 10222477 8185
3490 10230662 3915
3491 10234577 5489
3492 10240066 1243
3493 10241309 8855
3494 10250164 6015
3495 10256179 2059
3496 10258238 4454
3497 10262692 1941
3498 10264633 9303
3499 10273936 2399
3500 10276335 1267
3501 10277602 2920
3502 10280522 2154
3503 10282676 3011
3504 10285687 937
3505 10286624 3767
3506 10290391 2593
3507 10292984 1511
3508 10294495 3406
3509 10297901 1653
3510 10299554 6371
3511 10305925 2465
3512 10308390 2152
3513 10310542 5071
3514 10315613 8567
3515 10324180 5189
3516 10329369 1087
3517 10330456 1299
3518 10331755 1462
3519 10333217 2465
3520 10335682 2361
3521 10338043 1819
3522 10339862 3502
3523 10343364 2419
3524 10345783 3926
3525 10349709 3754
3526 10353463 436
3527 10353899 13386
3528 10367285 9603
3529 10376888 2461
3530 10379349 2083
3531 10381432 2431
3532 10383863 2655
3533 10386518 6382
3534 10392900 7997
3535 10400897 5229
3536 10406126 5947
3537 10412073 4559
3538 10416632 2495
3539 10419127 2483
3540 10421610 7414
3541 10429024 8511
3542 10437535 5405
3543 10442940 643
3544 10443583 2794
3545 10446377 3245
3546 10449622 1134
3547 10450756 1777
3548 10452533 1920
3549 10454453 636
3550 10455089 477
3551 10455566 600
3552 10456166 2572
3553 10458738 2514
3554 10461252 1917
3555 10463169 5769
3556 10468938 2032
3557 10470970 3820
3558 10474790 8133
3559 10482923 4187
3560 10487110 2383
3561 10489493 1573
3562 10491066 3008
3563 10494074 1775
3564 10495849 8306
3565 10504155 1695
3566 10505850 3134
3567 10508984 5167
3568 10514151 5558
3569 10519709 4692
3570 10524401 5529
3571 10529930 1871
3572 10531801 3875
3573 10535676 6073
3574 10541749 2456
3575 10544205 4428
3576 10548633 965
3577 10549598 782
3578 10550380 4166
3579 10554546 2663
3580 10557209 2952
3581 10560161 1246
3582 10561407 1939
3583 10563346 2312
3584 10565658 2730
3585 10568388 2298
3586 10570686 1285
3587 10571971 4693
3588 10576664 4574
3589 10581238 3571
3590 10584809 3124
3591 10587933 4098
3592 10592031 4497
3593 10596528 2767
3594 10599295 3815
3595 10603110 2302
3596 10605412 1733
3597 10607145 2291
3598 10609436 20492
3599 10629928 3304
3600 10633232 4076
3601 10637308 1911
3602 10639219 8726
3603 10647945 2670
3604 10650615 5309
3605 10655924 5341
3606 10661265 3681
3607 10664946 4162
3608 10669108 5924
3609 10675032 3021
3610 10678053 5454
3611 10683507 1730
3612 10685237 2613
3613 10687850 5024
3614 10692874 4781
3615 10697655 3304
3616 10700959 5412
3617 10706371 5483
3618 10711854 4270
3619 10716124 2530
3620 10718654 4404
3621 10723058 7392
3622 10730450 177
3623 10730627 4723
3624 10735350 162
3625 10735512 894
3626 10736406 785
3627 10737191 2226
3628 10739417 1771
3629 10741188 929
3630 10742117 1831
3631 10743948 12129
3632 10756077 4427
3633 10760504 1873
3634 10762377 6880
3635 10769257 9973
3636 10779230 1108
3637 10780338 9937
3638 10790275 3372
3639 10793647 1394
3640 10795041 3508
3641 10798549 5358
3642 10803907 4658
3643 10808565 5533
3644 10814098 3448
3645 10817546 1727
3646 10819273 773
3647 10820046 2571
3648 10822617 3932
3649 10826549 3520
3650 10830069 5161
3651 10835230 5248
3652 10840478 1306
3653 10841784 9365
3654 10851149 3280
3655 10854429 586
3656 10855015 1539
3657 10856554 3311
3658 10859865 1873
3659 10861738 3268
3660 10865006 5104
3661 10870110 2123
3662 10872233 5823
3663 10878056 2293
3664 10880349 4208
3665 10884557 4909
3666 10889466 3682
3667 10893148 2001
3668 10895149 3217
3669 10898366 2862
3670 10901228 7578
3671 10908806 411
3672 10909217 513
3673 10909730 11261
3674 10920991 4492
3675 10925483 3677
3676 10929160 9027
3677 10938187 3408
3678 10941595 2052
3679 10943647 2002
3680 10945649 7132
3681 10952781 6465
3682 10959246 3691
3683 10962937 2247
3684 10965184 14970
3685 10980154 6415
3686 10986569 1329
3687 10987898 1976
3688 10989874 2938
3689 10992812 2585
3690 10995397 2137
3691 10997534 1589
3692 10999123 741
3693 10999864 1391
3694 11001255 735
3695 11001990 387
3696 11002377 3988
3697 11006365 3925
3698 11010290 3063
3699 11013353 4165
3700 11017518 7608
3701 11025126 5438
3702 11030564 1356
3703 11031920 5327
3704 11037247 1173
3705 11038420 929
3706 11039349 1859
3707 11041208 2420
3708 11043628 5497
3709 11049125 2511
3710 11051636 8101
3711 11059737 2471
3712 11062208 916
3713 11063124 847
3714 11063971 1643
3715 11065614 2239
3716 11067853 7287
3717 11075140 1641
3718 11076781 4769
3719 11081550 2457
3720 11084007 3638
3721 11087645 2693
3722 11090338 6969
3723 11097307 2304
3724 11099611 3023
3725 11102634 4605
3726 11107239 2523
3727 11109762 2885
3728 11112647 1906
3729 11114553 1275
3730 11115828 4738
3731 11120566 1635
3732 11122201 1004
3733 11123205 1603
3734 11124808 1801
3735 11126609 4610
3736 11131219 1674
3737 11132893 2686
3738 11135579 9350
3739 11144929 1878
3740 11146807 2635
3741 11149442 9091
3742 11158533 3552
3743 11162085 6159
3744 11168244 3370
3745 11171614 2957
3746 11174571 7883
3747 11182454 1735
3748 11184189 2202
3749 11186391 1648
3750 11188039 964
3751 11189003 2389
3752 11191392 1680
3753 11193072 1782
3754 11194854 15080
3755 11209934 7388
3756 11217322 3144
3757 11220466 1676
3758 11222142 1412
3759 11223554 7689
3760 11231243 1993
3761 11233236 2115
3762 11235351 1785
3763 11237136 1687
3764 11238823 2078
3765 11240901 1158
3766 11242059 9654
3767 11251713 2021
3768 11253734 1855
3769 11255589 2647
3770 11258236 3189
3771 11261425 9540
3772 11270965 3464
3773 11274429 8380
3774 11282809 2139
3775 11284948 1728
3776 11286676 1067
3777 11287743 1480
3778 11289223 1057
3779 11290280 1370
3780 11291650 5362
3781 11297012 4994
3782 11302006 2153
3783 11304159 1740
3784 11305899 4018
3785 11309917 2321
3786 11312238 2258
3787 11314496 7672
3788 11322168 1317
3789 11323485 1476
3790 11324961 4281
3791 11329242 1265
3792 11330507 1233
3793 11331740 1410
3794 11333150 1687
3795 11334837 5185
3796 11340022 2524
3797 11342546 1374
3798 11343920 3183
3799 11347103 10932
3800 11358035 3830
3801 11361865 9577
3802 11371442 3786
3803 11375228 1567
3804 11376795 2114
3805 11378909 7033
3806 11385942 1865
3807 11387807 7363
3808 11395170 3387
3809 11398557 1920
3810 11400477 12888
3811 11413365 5252
3812 11418617 4677
3813 11423294 1376
3814 11424670 2474
3815 11427144 2321
3816 11429465 2153
3817 11431618 3606
3818 11435224 1380
3819 11436604 11045
3820 11447649 1169
3821 11448818 671
3822 11449489 4759
3823 11454248 2040
3824 11456288 1294
3825 11457582 901
3826 11458483 7412
3827 11465895 3115
3828 11469010 1894
3829 11470904 2877
3830 11473781 970
3831 11474751 1320
3832 11476071 1355
3833 11477426 527
3834 11477953 3971
3835 11481924 4620
3836 11486544 4957
3837 11491501 3244
3838 11494745 2210
3839 11496955 859
3840 11497814 785
3841 11498599 1244
3842 11499843 5684
3843 11505527 1590
3844 11507117 767
3845 11507884 1684
3846 11509568 12978
3847 11522546 553
3848 11523099 1841
3849 11524940 2471
3850 11527411 2322
3851 11529733 2687
3852 11532420 1649
3853 11534069 621
3854 11534690 2160
3855 11536850 2196
3856 11539046 2200
3857 11541246 2323
3858 11543569 2135
3859 11545704 481
3860 11546185 2428
3861 11548613 1233
3862 11549846 3101
3863 11552947 1559
3864 11554506 706
3865 11555212 1044
3866 11556256 5105
3867 11561361 9790
3868 11571151 1651
3869 11572802 740
3870 11573542 725
3871 11574267 2919
3872 11577186 1869
3873 11579055 2310
3874 11581365 3181
3875 11584546 2891
3876 11587437 2954
3877 11590391 3006
3878 11593397 2436
3879 11595833 2467
3880 11598300 2536
3881 11600836 852
3882 11601688 1594
3883 11603282 5828
3884 11609110 2576
3885 11611686 1286
3886 11612972 2043
3887 11615015 1578
3888 11616593 2896
3889 11619489 5801
3890 11625290 1193
3891 11626483 2820
3892 11629303 1842
3893 11631145 1235
3894 11632380 1119
3895 11633499 1776
3896 11635275 5990
3897 11641265 1800
3898 11643065 3438
3899 11646503 1593
3900 11648096 611
3901 11648707 2702
3902 11651409 897
3903 11652306 5759
3904 11658065 5209
3905 11663274 1611
3906 11664885 762
3907 11665647 791
3908 11666438 2483
3909 11668921 5798
3910 11674719 3737
3911 11678456 3713
3912 11682169 3671
3913 11685840 3766
3914 11689606 3820
3915 11693426 3848
3916 11697274 4052
3917 11701326 3869
3918 11705195 3794
3919 11708989 3818
3920 11712807 3836
3921 11716643 3755
3922 11720398 3794
3923 11724192 3812
3924 11728004 3808
3925 11731812 3855
3926 11735667 3694
3927 11739361 627
3928 11739988 5818
3929 11745806 683
3930 11746489 2803
3931 11749292 2866
3932 11752158 1091
3933 11753249 1274
3934 11754523 7579
3935 11762102 1483
3936 11763585 2295
3937 11765880 2095
3938 11767975 1456
3939 11769431 982
3940 11770413 1701
3941 11772114 2621
3942 11774735 1908
3943 11776643 17039
3944 11793682 1545
3945 11795227 4846
3946 11800073 2107
3947 11802180 2818
3948 11804998 6278
3949 11811276 532
3950 11811808 4032
3951 11815840 2040
3952 11817880 1211
3953 11819091 4657
3954 11823748 852
3955 11824600 2116
3956 11826716 1894
3957 11828610 4181
3958 11832791 4694
3959 11837485 9236
3960 11846721 4129
3961 11850850 2705
3962 11853555 843
3963 11854398 808
3964 11855206 907
3965 11856113 1051
3966 11857164 2692
3967 11859856 724
3968 11860580 5949
3969 11866529 3325
3970 11869854 8942
3971 11878796 4014
3972 11882810 2040
3973 11884850 3421
3974 11888271 7587
3975 11895858 2631
3976 11898489 2728
3977 11901217 9659
3978 11910876 19336
3979 11930212 3107
3980 11933319 2744
3981 11936063 5367
3982 11941430 2252
3983 11943682 4258
3984 11947940 6587
3985 11954527 961
3986 11955488 4880
3987 11960368 8279
3988 11968647 5346
3989 11973993 6677
3990 11980670 921
3991 11981591 3786
3992 11985377 2950
3993 11988327 3585
3994 11991912 2541
3995 11994453 3701
3996 11998154 4687
3997 12002841 9631
3998 12012472 9638
3999 12022110 11530
4000 12033640 2154
4001 12035794 4797
4002 12040591 3019
4003 12043610 1649
4004 12045259 5787
4005 12051046 2032
4006 12053078 1924
4007 12055002 8393
4008 12063395 8796
4009 12072191 2759
4010 12074950 4494
4011 12079444 3149
4012 12082593 1945
4013 12084538 10650
4014 12095188 6283
4015 12101471 4884
4016 12106355 5307
4017 12111662 1321
4018 12112983 1857
4019 12114840 3606
4020 12118446 197
4021 12118643 3705
4022 12122348 2534
4023 12124882 7689
4024 12132571 7006
4025 12139577 6489
4026 12146066 8803
4027 12154869 3154
4028 12158023 2814
4029 12160837 1847
4030 12162684 7064
4031 12169748 3415
4032 12173163 2654
4033 12175817 1166
4034 12176983 11640
4035 12188623 10844
4036 12199467 9905
4037 12209372 6940
4038 12216312 8940
4039 12225252 2296
4040 12227548 523
4041 12228071 2778
4042 12230849 626
4043 12231475 6376
4044 12237851 4303
4045 12242154 2325
4046 12244479 9196
4047 12253675 6524
4048 12260199 1565
4049 12261764 7417
4050 12269181 2736
4051 12271917 7687
4052 12279604 4478
4053 12284082 2943
4054 12287025 6313
4055 12293338 9257
4056 12302595 2977
4057 12305572 4389
4058 12309961 3901
4059 12313862 1719
4060 12315581 6521
4061 12322102 5478
4062 12327580 5237
4063 12332817 8033
4064 12340850 1841
4065 12342691 2823
4066 12345514 4993
4067 12350507 6538
4068 12357045 4715
4069 12361760 4233
4070 12365993 3601
4071 12369594 3048
4072 12372642 4099
4073 12376741 8643
4074 12385384 4034
4075 12389418 7530
4076 12396948 38566
4077 12435514 5438
4078 12440952 17870
4079 12458822 5289
4080 12464111 2767
4081 12466878 10539
4082 12477417 3781
4083 12481198 4726
4084 12485924 5406
4085 12491330 4824
4086 12496154 5244
4087 12501398 6724
4088 12508122 6483
4089 12514605 4677
4090 12519282 4148
4091 12523430 8951
4092 12532381 8403
4093 12540784 5481
4094 12546265 4270
4095 12550535 7442
4096 12557977 7903
4097 12565880 5646
4098 12571526 5356
4099 12576882 4463
4100 12581345 4958
4101 12586303 4316
4102 12590619 4368
4103 12594987 5344
4104 12600331 1255
4105 12601586 4007
4106 12605593 19870
4107 12625463 3707
4108 12629170 6331
4109 12635501 4676
4110 12640177 2812
4111 12642989 3479
4112 12646468 3912
4113 12650380 3466
4114 12653846 4275
4115 12658121 11914
4116 12670035 4242
4117 12674277 8217
4118 12682494 7861
4119 12690355 8001
4120 12698356 7308
4121 12705664 1627
4122 12707291 5250
4123 12712541 16447
4124 12728988 4606
4125 12733594 9447
4126 12743041 5307
4127 12748348 4195
4128 12752543 4784
4129 12757327 4029
4130 12761356 10507
4131 12771863 5553
4132 12777416 4111
4133 12781527 3161
4134 12784688 3744
4135 12788432 3919
4136 12792351 3311
4137 12795662 3416
4138 12799078 18429
4139 12817507 4806
4140 12822313 5362
4141 12827675 3397
4142 12831072 11473
4143 12842545 7875
4144 12850420 19537
4145 12869957 5453
4146 12875410 1228
4147 12876638 2125
4148 12878763 2869
4149 12881632 3664
4150 12885296 19352
4151 12904648 19775
4152 12924423 4350
4153 12928773 4296
4154 12933069 3520
4155 12936589 12563
4156 12949152 6783
4157 12955935 25785
4158 12981720 11226
4159 12992946 7093
4160 13000039 1549
4161 13001588 5946
4162 13007534 6350
4163 13013884 23589
4164 13037473 1565
4165 13039038 2808
4166 13041846 1475
4167 13043321 3260
4168 13046581 1199
4169 13047780 1775
4170 13049555 4552
4171 13054107 1078
4172 13055185 4219
4173 13059404 1822
4174 13061226 2144
4175 13063370 208
4176 13063578 4954
4177 13068532 2628
4178 13071160 2598
4179 13073758 358
4180 13074116 1524
4181 13075640 1497
4182 13077137 2186
4183 13079323 1490
4184 13080813 1078
4185 13081891 2664
4186 13084555 1012
4187 13085567 326
4188 13085893 4574
4189 13090467 1281
4190 13091748 890
4191 13092638 3915
4192 13096553 1337
4193 13097890 3125
4194 13101015 2620
4195 13103635 533
4196 13104168 1286
4197 13105454 1235
4198 13106689 2495
4199 13109184 1194
4200 13110378 8146
4201 13118524 587
4202 13119111 1332
4203 13120443 7412
4204 13127855 3865
4205 13131720 3712
4206 13135432 3464
4207 13138896 7006
4208 13145902 4919
4209 13150821 1657
4210 13152478 1591
4211 13154069 2034
4212 13156103 1339
4213 13157442 503
4214 13157945 1352
4215 13159297 2294
4216 13161591 4489
4217 13166080 1535
4218 13167615 11555
4219 13179170 2050
4220 13181220 813
4221 13182033 915
4222 13182948 1056
4223 13184004 1821
4224 13185825 712
4225 13186537 11568
4226 13198105 1779
4227 13199884 2961
4228 13202845 3742
4229 13206587 946
4230 13207533 2206
4231 13209739 1225
4232 13210964 4759
4233 13215723 307
4234 13216030 7052
4235 13223082 1039
4236 13224121 1778
4237 13225899 2563
4238 13228462 1481
4239 13229943 1242
4240 13231185 6676
4241 13237861 3536
4242 13241397 1003
4243 13242400 3531
4244 13245931 1649
4245 13247580 2992
4246 13250572 1316
4247 13251888 505
4248 13252393 772
4249 13253165 4833
4250 13257998 1230
4251 13259228 6443
4252 13265671 2688
4253 13268359 440
4254 13268799 4239
4255 13273038 517
4256 13273555 1483
4257 13275038 2122
4258 13277160 2792
4259 13279952 3172
4260 13283124 1372
4261 13284496 1530
4262 13286026 1132
4263 13287158 1447
4264 13288605 2346
4265 13290951 587
4266 13291538 7397
4267 13298935 1290
4268 13300225 1068
4269 13301293 9070
4270 13310363 11259
4271 13321622 9244
4272 13330866 15999
4273 13346865 8746
4274 13355611 8438
4275 13364049 7373
4276 13371422 11284
4277 13382706 19497
4278 13402203 13547
4279 13415750 5475
4280 13421225 483
4281 13421708 823
4282 13422531 3187
4283 13425718 7333
4284 13433051 530
4285 13433581 1528
4286 13435109 3450
4287 13438559 2094
4288 13440653 9160
4289 13449813 8014
4290 13457827 8557
4291 13466384 4682
4292 13471066 2680
4293 13473746 4074
4294 13477820 5071
4295 13482891 7143
4296 13490034 3398
4297 13493432 2825
4298 13496257 670
4299 13496927 1043
4300 13497970 1631
4301 13499601 6669
4302 13506270 1339
4303 13507609 11442
4304 13519051 6339
4305 13525390 4430
4306 13529820 25797
4307 13555617 3741
4308 13559358 5134
4309 13564492 8397
4310 13572889 9764
4311 13582653 4624
4312 13587277 6364
4313 13593641 9590
4314 13603231 12838
4315 13616069 4683
4316 13620752 10951
4317 13631703 6265
4318 13637968 5102
4319 13643070 1748
4320 13644818 3807
4321 13648625 4758
4322 13653383 3701
4323 13657084 10709
4324 13667793 9907
4325 13677700 6841
4326 13684541 6102
4327 13690643 6580
4328 13697223 5798
4329 13703021 4091
4330 13707112 3900
4331 13711012 3496
4332 13714508 3835
4333 13718343 3325
4334 13721668 12269
4335 13733937 12836
4336 13746773 4222
4337 13750995 2854
4338 13753849 5565
4339 13759414 15911
4340 13775325 4286
4341 13779611 710
4342 13780321 1195
4343 13781516 4403
4344 13785919 4377
4345 13790296 2082
4346 13792378 13031
4347 13805409 6700
4348 13812109 8827
4349 13820936 7740
4350 13828676 10691
4351 13839367 207
4352 13839574 6998
4353 13846572 8941
4354 13855513 2335
4355 13857848 8157
4356 13866005 8289
4357 13874294 3890
4358 13878184 5750
4359 13883934 10261
4360 13894195 2540
4361 13896735 13737
4362 13910472 4680
4363 13915152 522
4364 13915674 1526
4365 13917200 3081
